100133941
10060
10076
10084
10142
1015
10202
1024
10278
10286
10291
10330
10342
10370
10440
10445
10467
10497
105
10522
10563
10565
10579
10611
10645
10714
10920
11034
1106
11086
11122
11137
11200
11213
11231
114
114571
1147
1153
1193
122011
1272
1281
1288
129531
132884
134
1381
1386
1388
140
1404
1434
143425
1448
145270
1499
1501
151254
1523
152330
152789
1613
1630
1635
1649
1728
1741
1756
1800
189
1896
19
1958
196441
196743
1981
2005
201163
203
2030
2033
2042
204474
2045
2051
2066
2070
2074
2114
2132
2153
221687
2219
2220
222894
2261
22797
22866
22887
22908
22918
22974
22981
22985
23020
23043
2308
23101
23152
23154
23321
23345
2339
23397
23418
2342
23569
23621
23682
245711
2553
2559
25788
25798
2588
25902
26040
26119
26140
26160
26278
2633
26508
26747
2692
270
27030
27040
27111
2737
2778
28234
282974
283
2832
287
2895
2911
29110
2935
2956
2959
2972
2977
29904
29922
29945
29968
3002
3009
302
3054
3075
31
3107
3161
324
3280
3361
338
341
3484
3486
355
3572
3604
3620
3627
369
3752
3791
3815
3842
3845
3914
3915
3977
3978
3980
400
4008
4035
4036
4085
4087
4131
4133
4145
4163
4179
4189
4254
4256
4283
4292
4306
4313
4322
4430
4436
4438
4538
4595
472
4751
4763
4772
4811
4846
4891
4893
4919
4920
4924
493
5007
5016
5027
50484
5063
50944
51086
51108
51124
51141
51176
5121
5126
51466
51592
5162
51741
51760
5187
5211
5257
5260
5290
5292
5314
5316
54106
5422
54474
5468
5476
54806
55023
55160
5519
5520
55294
5551
5553
55567
55603
55749
5579
55800
55806
5581
5583
5585
5587
55872
5588
5590
5593
5601
5606
5609
56159
5627
5631
56479
5657
56681
5683
56882
56886
56950
5700
5701
5705
57142
57148
5715
57175
57186
57187
57326
57453
57470
57617
57787
57862
5789
5795
5798
5799
5802
5858
5878
5900
5915
5924
5937
5979
60
6009
6036
60385
60412
60485
6059
60592
6095
6098
6155
6157
6168
6169
6181
6185
6193
6196
6198
6204
6205
6223
6224
6274
6338
6340
6373
640
6416
6418
64411
64919
64946
650
65125
6525
654
657
6579
6613
6629
6653
6667
6696
6712
6721
673
6773
6790
682
6872
688
6929
6934
6949
699
701
7048
7052
7074
7095
7102
7157
7280
7295
7297
7332
7385
7421
7486
7511
7515
7533
760
7681
7707
7775
7802
782
783
7881
790
79012
7957
79710
79754
79858
801
80243
8029
80310
80342
8079
811
81542
81551
81565
816
818
81848
819
822
8241
8295
8322
83481
83931
84085
8417
84343
84445
8471
8520
8556
8558
862
8626
863
8664
8671
8703
8728
8737
8792
8796
8861
8888
8894
891
8928
899
8997
90861
9138
91807
9202
9328
9391
9444
9452
9462
9472
9474
9542
9577
9578
9590
96459
9744
9746
9770
9787
9839
9874
9908
9924
9934
9967
999
